EOAA
0.137